15838
15839
15840
16077
15841
15842
15882
16079
16086
15844
15846
16080
16081
16082
15848
15849
15850
15852
15853
15854
15855
15856
15858
16083
15860
16087
15861
15863
16137
16090
15868
15869
15883
15871
15872
15875
15877
15880
15876
15873
16092
15870
16095
16099
16100
15881
15865
15864
15859
15857
15847
15843
15997
16038
15998
15999
17 118
16018
16000
16001
16002
16003
16007
16009
16008
16014
16016
16019
16022
16023
16024
16026
16027
16028
16101
16102
16103
16104
16106
16107
16109
16110
16111
16112
16114
16115
16116
16117
16119
16120
16122
16217
16005
16657
16659
17097
16078
16084
15862
16088
16089
15867
16157
15879
16093
16098
16094
16006
16017
17117
16004
16105
15845
16658
16013
16012
16021
16011
16010
16020
16025